6 48 194.261000732.95
6 48 194.261000732.95
6 48 194.26 194.39999999999998 194.44000000000003 3417.800000000004 8187 0 1000728.45
7 20 194.7951000761.45
7 20 194.771000768.95
7 21 194.771000774.95
7 21 194.771000780.95
7 21 194.77 194.77625 194.74100000000004 3728.2 728 150 1000783.95
7 22 194.91 194.84 194.78100000000003 3728.2 1700 300 1000810.95
7 23 195.15 194.995 194.87900000000002 3741.300000000003 2329 450 1000806.45
7 24 195.1 195.065 194.94000000000003 3728.2 545 450 1000675.95
7 25 194.77 194.9475 194.94000000000003 3741.300000000003 1189 450 1000689.45
7 26 194.81 194.8725 194.94800000000004 3728.2 1386 450 1000657.95
7 27 194.735 194.76250000000002 194.913 3741.300000000003 2250 0 1000639.95
7 28 194.68 194.72625 194.81900000000005 3741.300000000003 2220 0 1000639.95
7 29 194.72 194.71375 194.74300000000005 3741.300000000003 1000 0 1000639.95
7 30 194.67 194.685 194.723 3728.2 1755 0 1000639.95
7 31 194.45 194.5725 194.651 3728.2 2555 0 1000639.95
7 32 194.47 194.515 194.598 3728.2 400 0 1000639.95
7 33 194.52 194.49 194.566 3728.2 1593 0 1000639.95
7 35 194.52 194.5075 194.526 3728.2 1905 0 1000636.95
7 36 194.39 194.45499999999998 194.47000000000003 3741.300000000003 1219 0 1000636.95
7 37 194.42 194.4375 194.464 3711.1000000000004 2765 0 1000636.95
7 38 194.58 194.4925 194.486 3741.300000000003 1715 0 1000636.95
7 39 194.655 194.5775 194.51300000000003 3711.1000000000004 210 0 1000636.95
7 40 194.79 194.70375 194.567 3711.1000000000004 500 0 1000636.95
7 41 194.92 194.82125 194.67300000000003 3711.1000000000004 2171 150 1000636.95
7 42 195.02 194.9375 194.793 3711.1000000000004 1020 150 1000630.95
7 43 195.07 195.01999999999998 194.89100000000002 3741.300000000003 1292 150 1000620.45
7 44 194.94 194.9925 194.948 3711.1000000000004 1213 300 1000611.45
7 45 195 195.0025 194.99 3711.1000000000004 725 300 1000602.45
7 46 194.87 194.92000000000002 194.98000000000002 3741.300000000003 808 300 1000650.45
7 47 194.97 194.9525 194.97 3711.1000000000004 95 0 1000761.45
7 48 195.48 195.2 195.05200000000002 3741.300000000003 5518 150 1000758.45
7 49 195.49 195.35750000000002 195.16200000000003 3741.300000000003 3022 300 1000795.95
7 50 195.81 195.6475 195.324 3855.7000000000025 5277 450 1000786.95
7 51 195.74 195.695 195.49800000000002 3855.7000000000025 3064 450 1000813.95
7 52 195.86 195.8175 195.67600000000002 4173.200000000001 8867 600 1000833.45
7 53 195.93 195.865 195.76600000000002 4205.300000000001 4691 750 1000744.95
7 54 195.83 195.8625 195.834 4205.300000000001 1038 750 1000624.95
7 55 195.62 195.75 195.79600000000002 4173.200000000001 1366 750 1000579.95
7 56 195.54 195.6325 195.756 4173.200000000001 1949 0 1000557.45
7 57 195.51 195.545 195.686 4173.200000000001 200 0 1000557.45
7 58 195.4 195.46249999999998 195.58 4173.200000000001 600 0 1000557.45
7 59 195.31 195.3825 195.47600000000003 3990.0000000000045 1088 0 1000557.45
8 0 195.26 195.3075 195.40400000000002 4173.200000000001 1303 0 1000557.45
8 1 195.15 195.2175 195.32600000000002 4173.200000000001 1920 0 1000557.45
8 2 195.37 195.2875 195.29800000000003 4173.200000000001 1426 0 1000557.45
8 3 195.275 195.26749999999998 195.27300000000002 3990.0000000000045 700 0 1000557.45
8 4 195.125 195.22375 195.23600000000002 4173.200000000001 1125 0 1000552.95
8 5 195.32 195.235 195.25300000000001 3990.0000000000045 1110 0 1000552.95
8 6 195.32 195.235 195.25300000000001 3855.7000000000025 1110 0 1000552.95
8 7 195.25 195.24875 195.229 3990.0000000000045 735 0 1000552.95
8 8 195.27 195.2775 195.228 3855.7000000000025 1283 0 1000549.95
8 9 195.21 195.235 195.245 3855.7000000000025 1178 0 1000549.95
8 10 195.29 195.265 195.268 3855.7000000000025 1332 0 1000549.95
8 11 195.24 195.24 195.24 3990.0000000000045 659 0 1000549.95
8 12 195.27 195.2425 195.24 3990.0000000000045 2406 0 1000549.95
8 13 195.27 195.2425 195.24 3855.7000000000025 2406 0 1000549.95
8 14 195.06 195.11 195.16200000000003 3990.0000000000045 671 0 1000549.95
8 15 195.06 195.11 195.16200000000003 3990.0000000000045 671 0 1000549.95
8 16 194.945 195.0 195.11300000000003 3855.7000000000025 2510 0 1000549.95
8 17 194.97 194.95625 194.99300000000002 3990.0000000000045 790 0 1000549.95
8 18 194.97 194.95625 194.99300000000002 3855.7000000000025 790 0 1000549.95
8 19 195.02 194.9875 194.98700000000002 3990.0000000000045 533 0 1000549.95
8 20 195.04 195.01749999999998 194.98300000000003 3990.0000000000045 839 0 1000545.45
8 21 195.01 195.035 195.024 3741.300000000003 600 0 1000545.45
8 22 194.97 195.0075 195.024 3855.7000000000025 1018 0 1000545.45
8 23 194.97 194.98000000000002 195.014 3741.300000000003 1000 0 1000545.45
8 24 195.03 195.0 195.012 3855.7000000000025 862 0 1000545.45
8 25 195.03 195.0 195.012 3855.7000000000025 862 0 1000545.45
8 26 195.04 195.04250000000002 195.014 3855.7000000000025 1753 0 1000542.45
8 27 195.14 195.095 195.048 3855.7000000000025 2090 150 1000537.95
8 28 195.14 195.095 195.048 3855.7000000000025 2090 300 1000528.95
8 29 194.96 195.02249999999998 195.046 3855.7000000000025 505 300 1000471.95
8 30 194.92 194.95749999999998 195.018 3855.7000000000025 658 0 1000495.95
8 31 195.01 194.975 195.012 3855.7000000000025 305 0 1000495.95
8 32 194.98 194.97249999999997 194.98000000000002 3741.300000000003 646 0 1000492.95
8 33 194.89 194.9425 194.95200000000003 3741.300000000003 206 0 1000492.95
8 34 195.06 194.9975 194.972 3741.300000000003 500 0 1000492.95
8 35 195.02 194.9975 194.99200000000002 3741.300000000003 847 150 1000491.45
8 36 194.785 194.91250000000002 194.947 3855.7000000000025 2329 0 1000476.45
8 37 194.69 194.79625 194.889 3855.7000000000025 707 0 1000476.45
8 38 194.67 194.70375 194.845 3741.300000000003 1378 0 1000476.45
8 39 194.69 194.685 194.77100000000002 3741.300000000003 743 0 1000476.45
8 40 194.78 194.73000000000002 194.723 3855.7000000000025 3831 0 1000476.45
8 41 194.84 194.78750000000002 194.73400000000004 3990.0000000000045 7261 0 1000471.95
8 42 194.84 194.78750000000002 194.73400000000004 3855.7000000000025 7261 0 1000468.95
8 43 194.96 194.90750000000003 194.82800000000003 3855.7000000000025 305 0 1000468.95
8 44 195.03 194.97250000000003 194.89600000000002 3990.0000000000045 1101 0 1000468.95
8 45 194.97 194.98250000000002 194.934 3855.7000000000025 375 0 1000468.95
8 46 194.9 194.95 194.94600000000003 3990.0000000000045 1800 0 1000468.95
8 47 194.84 194.8875 194.94 3990.0000000000045 2857 0 1000468.95
8 48 194.92 194.89499999999998 194.93200000000002 3855.7000000000025 721 0 1000468.95
8 49 194.93 194.905 194.91200000000003 3855.7000000000025 1694 0 1000468.95
8 50 194.86 194.8925 194.89000000000001 3990.0000000000045 1530 0 1000464.45
8 51 194.89 194.89249999999998 194.88800000000003 3990.0000000000045 661 0 1000464.45
8 52 194.83 194.85250000000002 194.88600000000002 3855.7000000000025 500 0 1000464.45
8 53 194.69 194.775 194.84000000000003 3990.0000000000045 1002 0 1000464.45
8 54 194.705 194.73250000000002 194.79500000000004 3990.0000000000045 990 0 1000464.45
8 55 194.74 194.71875 194.77100000000004 3990.0000000000045 316 0 1000464.45
8 56 194.75 194.73625 194.743 3855.7000000000025 379 0 1000464.45
8 57 194.78 194.7625 194.733 3990.0000000000045 1300 0 1000462.95
8 58 194.87 194.8175 194.769 3855.7000000000025 593 0 1000462.95
8 59 194.79 194.8075 194.78600000000003 3855.7000000000025 400 0 1000462.95
9 0 194.7 194.765 194.77800000000002 3990.0000000000045 831 0 1000462.95
9 1 194.82 194.7825 194.792 3855.7000000000025 1638 0 1000462.95
9 2 194.85 194.805 194.806 3990.0000000000045 1200 0 1000462.95
9 3 194.87 194.815 194.81 3855.7000000000025 816 0 1000462.95
9 4 194.83 194.8375 194.80200000000002 3855.7000000000025 1408 0 1000459.95
9 5 194.81 194.83 194.80599999999998 3855.7000000000025 3729 0 1000459.95
9 6 194.77 194.79500000000002 194.82600000000002 3990.0000000000045 1304 0 1000459.95
9 7 194.84 194.815 194.824 3855.7000000000025 824 0 1000459.95
9 8 194.88 194.8425 194.82600000000002 3855.7000000000025 600 0 1000459.95
18 9 194.171000459.95
18 12 194.171000459.95
18 13 194.171000459.95
18 14 194.171000459.95
18 21 194.171000459.95
18 26 194.171000459.95
18 27 194.171000459.95
18 27 194.171000459.95
18 28 194.171000459.95
18 31 194.171000459.95
18 35 194.171000459.95
