time-hour stock-price avg-price-3-min avg-price-5-min average-volume current-volume number-of-stocks portfolio-value 
959 194.74 194.32750000000001 194.03000000000003 10431.666666666666 13864 0 29982.125
570 195 194.5 194.17900000000003 4603.333333333333 953 0 30000
571 194.78 194.6825 194.31900000000002 3010.0 300 0 30000.0
572 194.89 194.89 194.53400000000002 551.0 400 0 30000.0
573 194.71 194.77249999999998 194.71 433.3333333333333 600 0 30000.0
574 194.84 194.82 194.844 1064.3333333333333 2193 0 30000.0
575 195.04 194.9075 194.852 1185.0 762 0 30000.0
576 195.15 195.04500000000002 194.92600000000002 2076.0 3273 0 30000.0
577 195.62 195.35750000000002 195.072 2704.0 4077 25 30000.0
578 195.8 195.5925 195.29 3492.6666666666665 3128 25 30004.5
579 195.71 195.71 195.464 2634.0 697 25 30002.25
580 195.87 195.8125 195.63 2127.3333333333335 2557 50 30006.25
581 195.94 195.865 195.788 1969.6666666666667 2655 75 30009.75
582 195.92 195.9125 195.848 2222.6666666666665 1456 75 30008.25
583 196.18 196.055 195.92399999999998 2187.3333333333335 2451 100 30027.75
584 196.34 196.195 196.05 2955.6666666666665 4960 125 30043.75
585 196.51 196.385 196.178 4339.333333333333 5607 150 30065.0
586 196.57 196.4975 196.304 4202.333333333333 2040 150 30074.0
587 196.19 196.365 196.358 3173.6666666666665 1874 150 30017.0
588 196.3 196.34 196.382 2159.0 2563 150 30033.5
589 196.29 196.26749999999998 196.372 2075.6666666666665 1790 0 30032.0
590 196.17 196.23250000000002 196.304 2234.0 2349 0 30032.0
591 196.34 196.285 196.258 1530.0 451 0 30032.0
592 196.32 196.2875 196.28400000000002 1046.6666666666667 340 0 30032.0
593 196.5 196.415 196.324 545.6666666666666 846 0 30032.0
594 196.385 196.39749999999998 196.34300000000002 725.3333333333334 990 0 30032.0
595 196.57 196.50625 196.42300000000003 992.3333333333334 1141 25 30032.0
596 196.42 196.44875 196.439 1079.3333333333333 1107 50 30028.25
597 196.62 196.5575 196.499 1149.3333333333333 1200 75 30038.25
598 196.46 196.49 196.491 1141.0 1116 75 30026.25
599 196.535 196.53750000000002 196.52100000000002 2151.3333333333335 4138 100 30031.875
600 196.545 196.52125 196.516 9454.333333333334 23109 0 30032.875
601 196.27 196.405 196.48600000000005 11473.0 7172 0 30032.875
602 196.39 196.39875 196.44 10327.333333333334 701 0 30032.875
603 196.18 196.255 196.38400000000001 3344.3333333333335 2160 0 30032.875
604 196.26 196.27249999999998 196.329 1260.6666666666667 921 0 30032.875
605 196.39 196.305 196.298 1600.3333333333333 1720 0 30032.875
606 196.21 196.26749999999998 196.286 1387.3333333333333 1521 0 30032.875
607 196.11 196.205 196.23 1928.3333333333333 2544 0 30032.875
608 195.95 196.055 196.18400000000003 2332.6666666666665 2933 0 30032.875
609 196.07 196.05 196.14600000000002 3704.0 5635 0 30032.875
610 196.23 196.12 196.114 3759.0 2709 0 30032.875
611 196.21 196.18 196.11400000000003 3288.3333333333335 1521 0 30032.875
612 196.31 196.265 196.154 1804.0 1182 0 30032.875
613 196.25 196.255 196.214 1135.3333333333333 703 0 30032.875
614 196.14 196.20999999999998 196.228 998.0 1109 0 30032.875
615 196.08 196.1375 196.198 1100.3333333333333 1489 0 30032.875
616 196.14 196.125 196.18400000000003 1147.0 843 0 30032.875
617 196 196.055 196.122 1151.6666666666667 1123 0 30032.875
618 196 196.035 196.072 1544.6666666666667 2668 0 30032.875
619 195.84 195.92000000000002 196.01200000000003 2451.6666666666665 3564 0 30032.875
620 195.94 195.93 195.98399999999998 2774.6666666666665 2092 0 30032.875
621 195.92 195.90499999999997 195.94000000000003 2457.6666666666665 1717 0 30032.875
622 195.9 195.91500000000002 195.92000000000002 1637.0 1102 0 30032.875
623 195.87 195.89 195.89400000000003 1454.3333333333333 1544 0 30032.875
624 195.92 195.90249999999997 195.91 1432.3333333333333 1651 25 30032.875
625 195.61 195.7525 195.84400000000002 1460.6666666666667 1187 25 30025.125
626 195.69 195.7275 195.79800000000003 1257.3333333333333 934 0 30027.125
627 195.76 195.70499999999998 195.77000000000004 1502.0 2385 0 30027.125
628 195.69 195.70749999999998 195.734 1415.6666666666667 928 0 30027.125
629 195.66 195.6925 195.68200000000002 1327.6666666666667 670 0 30027.125
630 195.69 195.6825 195.698 1399.3333333333333 2600 0 30027.125
631 195.63 195.6525 195.686 1613.0 1569 0 30027.125
632 195.68 195.67000000000002 195.67000000000002 1853.0 1390 0 30027.125
633 195.62 195.6375 195.656 3579.3333333333335 7779 0 30027.125
634 195.69 195.67000000000002 195.662 3328.3333333333335 816 0 30027.125
635 195.89 195.77249999999998 195.702 4450.333333333333 4756 25 30027.125
636 196.03 195.91 195.78200000000004 2487.3333333333335 1890 25 30030.625
637 196 195.98 195.846 2711.0 1487 25 30029.875
638 195.99 196.0025 195.92000000000002 1618.0 1477 25 30029.625
639 196.06 196.0275 195.99400000000003 2068.6666666666665 3242 25 30031.375
640 195.96 195.9925 196.00800000000004 2287.6666666666665 2144 25 30028.875
641 195.78 195.89499999999998 195.95800000000003 2531.3333333333335 2208 0 30024.375
642 195.88 195.875 195.93400000000003 1856.3333333333333 1217 0 30024.375
643 195.9 195.865 195.91600000000003 1477.3333333333333 1007 0 30024.375
644 196.04 195.96499999999997 195.912 965.6666666666666 673 0 30024.375
645 196.05 196.01 195.93000000000004 723.3333333333334 490 0 30024.375
646 196.08 196.0625 195.99 673.6666666666666 858 25 30024.375
647 195.95 196.0075 196.00400000000002 781.3333333333334 996 25 30021.125
648 195.8 195.9075 195.984 893.0 825 25 30017.375
649 195.785 195.82999999999998 195.93300000000002 1072.6666666666667 1397 0 30017.0
650 195.86 195.82625000000002 195.895 1418.6666666666667 2034 0 30017.0
651 195.69 195.75625 195.817 1496.6666666666667 1059 0 30017.0
652 195.78 195.7775 195.78300000000002 1634.3333333333333 1810 0 30017.0
653 195.88 195.8075 195.79900000000004 1487.3333333333333 1593 0 30017.0
654 195.85 195.83999999999997 195.812 1418.0 851 0 30017.0
655 195.85 195.83999999999997 195.812 1418.0 851 0 30017.0
656 195.83 195.84750000000003 195.806 1060.0 736 0 30017.0
657 195.81 195.825 195.83 602.3333333333334 220 0 30017.0
658 195.7 195.76 195.81400000000002 719.0 1201 0 30017.0
659 195.7 195.7275 195.77800000000002 540.3333333333334 200 0 30017.0
660 195.9 195.8 195.788 782.0 945 0 30017.0
661 195.81 195.805 195.78400000000002 947.6666666666666 1698 0 30017.0
662 195.91 195.8825 195.80400000000003 1273.6666666666667 1178 0 30017.0
663 195.75 195.805 195.81400000000002 1504.3333333333333 1637 0 30017.0
664 195.805 195.8175 195.83500000000004 1147.3333333333333 627 0 30017.0
665 195.5 195.63875000000002 195.75500000000002 1408.0 1960 0 30017.0
666 195.26 195.45625 195.645 1485.3333333333333 1869 0 30017.0
667 195.43 195.405 195.549 1548.3333333333333 816 0 30017.0
668 195.22 195.2825 195.443 1449.6666666666667 1664 0 30017.0
669 195.22 195.27249999999998 195.32600000000002 2043.6666666666667 3651 0 30017.0
670 195.4 195.31 195.30600000000004 2356.6666666666665 1755 0 30017.0
671 195.39 195.35 195.33200000000002 2112.0 930 0 30017.0
672 195.43 195.4125 195.33200000000002 1432.0 1611 25 30017.0
673 195.47 195.44 195.382 1254.3333333333333 1222 25 30018.0
674 195.54 195.495 195.44600000000003 1377.6666666666667 1300 25 30019.75
675 195.39 195.4475 195.44400000000002 883.6666666666666 129 25 30016.0
676 195.52 195.4925 195.47000000000003 861.3333333333334 1155 0 30019.25
677 195.38 195.4175 195.46 778.0 1050 0 30019.25
678 195.4 195.425 195.44600000000003 1954.6666666666667 3659 0 30019.25
679 195.515 195.4525 195.44100000000003 2097.3333333333335 1583 0 30019.25
680 195.51 195.48375 195.46500000000003 2082.3333333333335 1005 0 30019.25
681 195.42 195.46625 195.44500000000002 1043.0 541 0 30019.25
682 195.36 195.4125 195.44100000000003 686.0 512 0 30019.25
683 195.34 195.365 195.42900000000003 619.3333333333334 805 0 30019.25
684 195.23 195.29000000000002 195.372 672.3333333333334 700 0 30019.25
685 195.32 195.3025 195.334 550.0 145 0 30019.25
686 195.4 195.33749999999998 195.33 525.6666666666666 732 0 30019.25
687 195.46 195.41000000000003 195.35000000000002 878.0 1757 0 30019.25
688 195.43 195.43 195.36800000000002 1000.6666666666666 513 0 30019.25
689 195.38 195.4125 195.39800000000002 1157.3333333333333 1202 25 30019.25
690 195.4 195.4025 195.41400000000002 838.3333333333334 800 25 30019.75
691 195.25 195.32 195.38400000000004 1459.3333333333333 2376 0 30016.0
692 195.33 195.3275 195.35800000000003 1283.0 673 0 30016.0
693 195.21 195.25 195.31400000000002 1477.6666666666667 1384 0 30016.0
694 195.16 195.215 195.27 825.6666666666666 420 0 30016.0
695 195.16 195.1725 195.22200000000004 1899.6666666666667 3895 0 30016.0
696 195.13 195.14499999999998 195.19800000000004 1750.3333333333333 936 0 30016.0
697 195.25 195.1975 195.18200000000004 2042.0 1295 0 30016.0
698 195.4 195.29500000000002 195.22000000000003 897.3333333333334 461 0 30016.0
699 195.48 195.40249999999997 195.28400000000002 1032.0 1340 25 30016.0
700 195.51 195.475 195.354 2371.6666666666665 5314 50 30016.75
701 195.45 195.4725 195.41800000000003 2585.3333333333335 1102 50 30013.75
702 195.67 195.575 195.502 2740.0 1804 50 30024.75
703 195.56 195.56 195.53400000000002 1204.3333333333333 707 50 30019.25
704 195.64 195.6275 195.56600000000003 1106.3333333333333 808 50 30023.25
705 195.63 195.615 195.59 689.0 552 50 30022.75
706 195.58 195.60750000000002 195.616 1273.6666666666667 2461 75 30020.25
707 195.65 195.6275 195.61200000000002 1190.0 557 0 30025.5
708 195.71 195.66250000000002 195.642 1435.3333333333333 1288 0 30025.5
709 195.74 195.71 195.662 664.3333333333334 148 0 30025.5
710 195.66 195.6925 195.668 693.0 643 0 30025.5
711 195.61 195.655 195.67400000000004 498.6666666666667 705 0 30025.5
712 195.58 195.60750000000002 195.66000000000003 749.3333333333334 900 0 30025.5
713 195.53 195.5625 195.62400000000002 968.6666666666666 1301 0 30025.5
714 195.44 195.4975 195.56400000000002 801.0 202 0 30025.5
715 195.55 195.5175 195.54200000000003 771.0 810 0 30025.5
716 195.49 195.4925 195.51800000000003 481.3333333333333 432 0 30025.5
717 195.55 195.53500000000003 195.51200000000003 615.3333333333334 604 0 30025.5
718 195.61 195.565 195.52800000000005 713.3333333333334 1104 0 30025.5
719 195.66 195.62 195.57200000000003 795.6666666666666 679 0 30025.5
720 195.56 195.5975 195.574 1127.6666666666667 1600 25 30025.5
721 195.63 195.62 195.60200000000003 959.6666666666666 600 25 30027.25
722 195.61 195.60250000000002 195.61400000000003 803.3333333333334 210 25 30026.75
723 195.63 195.625 195.61800000000002 420.6666666666667 452 50 30027.25
724 195.72 195.67000000000002 195.63000000000002 800.0 1738 0 30031.75
725 195.77 195.72250000000003 195.67200000000003 953.0 669 0 30031.75
726 195.79 195.76749999999998 195.704 935.6666666666666 400 0 30031.75
727 195.81 195.79500000000002 195.744 456.3333333333333 300 0 30031.75
728 195.81 195.805 195.78 319.0 257 0 30031.75
729 195.64 195.725 195.764 385.6666666666667 600 0 30031.75
730 195.64 195.6825 195.738 537.0 754 0 30031.75
731 195.64 195.64 195.70800000000003 629.0 533 0 30031.75
732 195.6 195.62 195.666 764.6666666666666 1007 0 30031.75
733 195.5 195.56 195.604 757.6666666666666 733 0 30031.75
734 195.51 195.53 195.578 996.6666666666666 1250 0 30031.75
735 195.57 195.5375 195.56400000000002 1173.0 1536 0 30031.75
736 195.53 195.535 195.542 1072.6666666666667 432 0 30031.75
737 195.45 195.5 195.512 689.3333333333334 100 0 30031.75
738 195.45 195.47 195.502 245.0 203 0 30031.75
739 195.51 195.48 195.502 284.6666666666667 551 25 30031.75
740 195.45 195.46499999999997 195.478 351.3333333333333 300 0 30030.25
741 195.26 195.37 195.424 417.0 400 0 30030.25
742 195.41 195.3825 195.416 299.0 197 0 30030.25
743 195.34 195.33749999999998 195.394 299.0 300 0 30030.25
744 195.45 195.4125 195.382 172.66666666666666 21 0 30030.25
745 195.53 195.46249999999998 195.398 241.66666666666666 404 0 30030.25
746 195.5 195.495 195.446 208.33333333333334 200 0 30030.25
747 195.31 195.4125 195.42600000000002 341.6666666666667 421 0 30030.25
748 195.28 195.3425 195.41400000000002 307.0 300 0 30030.25
749 195.24 195.2675 195.372 307.0 200 0 30030.25
750 195.24 195.25 195.31400000000002 573.0 1219 0 30030.25
751 195.25 195.245 195.264 525.0 156 0 30030.25
752 195.32 195.2825 195.26600000000002 604.6666666666666 439 0 30030.25
753 195.28 195.2825 195.26600000000002 631.6666666666666 1300 0 30030.25
754 195.26 195.28 195.27 882.3333333333334 908 25 30030.25
755 195.26 195.265 195.274 836.0 300 0 30030.25
756 195.31 195.285 195.286 471.0 205 0 30030.25
757 195.31 195.2975 195.28400000000002 372.6666666666667 613 0 30030.25
758 195.33 195.32 195.294 445.6666666666667 519 25 30030.25
759 195.27 195.29500000000002 195.29600000000002 573.0 587 25 30028.75
760 195.41 195.35500000000002 195.32600000000002 585.3333333333334 650 50 30032.25
761 195.43 195.385 195.35000000000002 524.3333333333334 336 50 30033.25
762 195.42 195.42000000000002 195.372 649.0 961 75 30032.75
763 195.47 195.4475 195.4 875.6666666666666 1330 100 30036.5
764 195.53 195.4875 195.452 1108.0 1033 100 30042.5
765 195.63 195.565 195.496 924.0 409 100 30052.5
766 195.54 195.56 195.518 1417.3333333333333 2810 125 30043.5
767 195.56 195.5725 195.54600000000002 1179.6666666666667 320 125 30046.0
768 195.56 195.555 195.564 1377.0 1001 125 30046.0
769 195.45 195.505 195.548 649.6666666666666 628 125 30032.25
770 195.41 195.45749999999998 195.504 777.0 702 0 30027.25
771 195.48 195.45499999999998 195.49200000000002 743.3333333333334 900 0 30027.25
772 195.56 195.5025 195.492 666.0 396 0 30027.25
773 195.72 195.62 195.524 2997.6666666666665 7697 0 30027.25
774 195.68 195.66 195.57 3272.6666666666665 1725 0 30027.25
775 195.69 195.695 195.626 3376.6666666666665 708 0 30027.25
776 195.6 195.64249999999998 195.65 954.0 429 0 30027.25
777 195.7 195.67249999999999 195.678 522.0 429 0 30027.25
778 195.6 195.625 195.654 487.0 603 0 30027.25
779 195.61 195.63 195.64000000000004 910.6666666666666 1700 0 30027.25
780 195.67 195.6375 195.63600000000002 1135.0 1102 0 30027.25
781 195.76 195.7 195.668 1335.6666666666667 1205 0 30027.25
782 195.72 195.71749999999997 195.67200000000003 1171.3333333333333 1207 25 30027.25
783 195.73 195.735 195.69800000000004 1214.6666666666667 1232 50 30027.5
784 195.65 195.6875 195.70600000000002 916.0 309 50 30023.5
785 195.545 195.6175 195.681 552.0 115 50 30018.25
786 195.43 195.51375000000002 195.61500000000004 300.0 476 0 30012.5
787 195.42 195.45375 195.55500000000004 432.0 705 0 30012.5
788 195.48 195.4525 195.50500000000002 617.6666666666666 672 0 30012.5
789 195.5 195.475 195.475 592.3333333333334 400 0 30012.5
790 195.54 195.515 195.47400000000002 507.3333333333333 450 0 30012.5
791 195.49 195.505 195.48600000000002 467.6666666666667 553 0 30012.5
792 195.44 195.4775 195.49 502.6666666666667 505 0 30012.5
793 195.39 195.4275 195.472 486.0 400 0 30012.5
794 195.36 195.3875 195.44400000000002 391.6666666666667 270 0 30012.5
795 195.48 195.4275 195.43200000000002 309.3333333333333 258 0 30012.5
796 195.45 195.435 195.424 207.0 93 0 30012.5
797 195.46 195.46249999999998 195.42800000000003 504.0 1161 25 30012.5
798 195.5 195.4775 195.45000000000002 518.6666666666666 302 25 30013.5
799 195.47 195.47500000000002 195.472 621.0 400 25 30012.75
800 195.48 195.48250000000002 195.472 400.3333333333333 499 50 30013.0
801 195.62 195.5475 195.506 744.6666666666666 1335 75 30020.0
802 195.52 195.53500000000003 195.51800000000003 1193.0 1745 100 30012.5
803 195.52 195.54500000000002 195.52200000000002 1178.3333333333333 455 100 30012.5
804 195.56 195.54000000000002 195.54000000000002 1338.0 1814 100 30016.5
805 195.43 195.485 195.53000000000003 1324.6666666666667 1705 100 30003.5
806 195.48 195.4875 195.50200000000004 1325.0 456 0 30008.5
807 195.52 195.4875 195.50200000000004 1053.3333333333333 999 0 30008.5
808 195.44 195.47 195.48600000000002 768.6666666666666 851 0 30008.5
809 195.48 195.48000000000002 195.47000000000003 834.3333333333334 653 0 30008.5
810 195.54 195.5 195.49200000000002 818.6666666666666 952 25 30008.5
811 195.48 195.495 195.49200000000002 645.0 330 0 30007.0
812 195.53 195.51999999999998 195.494 524.3333333333334 291 0 30007.0
813 195.41 195.45749999999998 195.488 609.6666666666666 1208 0 30007.0
814 195.35 195.41 195.462 804.6666666666666 915 0 30007.0
815 195.39 195.385 195.432 1541.0 2500 0 30007.0
816 195.43 195.4 195.42200000000003 1294.6666666666667 469 0 30007.0
817 195.36 195.385 195.388 1354.3333333333333 1094 0 30007.0
818 195.365 195.38 195.37900000000002 1110.3333333333333 1768 0 30007.0
819 195.37 195.36625 195.38300000000004 1910.0 2868 0 30007.0
820 195.375 195.37125 195.38000000000005 2226.0 2042 0 30007.0
821 195.39 195.38125 195.37200000000004 1736.6666666666667 300 0 30007.0
822 195.37 195.37625 195.37400000000002 1121.6666666666667 1023 0 30007.0
823 195.32 195.35 195.365 1114.0 2019 0 30007.0
824 195.33 195.3375 195.357 1514.0 1500 0 30007.0
825 195.32 195.3225 195.346 1342.0 507 0 30007.0
826 195.32 195.3225 195.332 877.3333333333334 625 0 30007.0
827 195.36 195.34 195.32999999999998 1387.3333333333333 3030 0 30007.0
828 195.39 195.365 195.344 1253.3333333333333 105 0 30007.0
829 195.39 195.3825 195.35600000000002 1345.0 900 0 30007.0
830 195.41 195.39999999999998 195.374 401.6666666666667 200 0 30007.0
831 195.39 195.39499999999998 195.388 518.3333333333334 455 0 30007.0
832 195.39 195.39499999999998 195.394 497.3333333333333 837 0 30007.0
833 195.3 195.345 195.376 564.0 400 0 30007.0
834 195.38 195.3625 195.374 662.0 749 0 30007.0
835 195.31 195.325 195.354 486.0 309 0 30007.0
836 195.35 195.3475 195.346 552.0 598 0 30007.0
837 195.33 195.32999999999998 195.334 403.3333333333333 303 0 30007.0
838 195.35 195.345 195.344 767.0 1400 25 30007.0
839 195.29 195.315 195.326 717.6666666666666 450 0 30005.5
840 195.225 195.27249999999998 195.30899999999997 985.3333333333334 1106 0 30005.5
841 195.165 195.21125 195.272 1044.6666666666667 1578 0 30005.5
842 195.22 195.20749999999998 195.25000000000003 1161.3333333333333 800 0 30005.5
843 195.1 195.14625 195.20000000000002 1158.3333333333333 1097 0 30005.5
844 195.19 195.175 195.18000000000004 833.6666666666666 604 0 30005.5
845 195.16 195.15249999999997 195.16700000000003 784.0 651 0 30005.5
846 195.16 195.16750000000002 195.16600000000003 708.6666666666666 871 25 30005.5
847 195.145 195.1525 195.151 803.0 887 0 30005.125
848 195.09 195.12125 195.149 1055.3333333333333 1408 0 30005.125
849 194.99 195.05375 195.10900000000004 1446.0 2043 0 30005.125
850 195.02 195.03000000000003 195.08100000000002 1392.0 725 0 30005.125
851 195.13 195.0675 195.07500000000002 1047.3333333333333 374 0 30005.125
852 195.13 195.1025 195.07200000000003 466.3333333333333 300 0 30005.125
853 195.06 195.095 195.06600000000003 236.0 34 0 30005.125
854 195.1 195.0975 195.08800000000002 318.0 620 0 30005.125
855 195.08 195.07999999999998 195.10000000000002 451.3333333333333 700 0 30005.125
856 194.94 195.015 195.062 712.0 816 0 30005.125
857 194.91 194.95999999999998 195.018 850.6666666666666 1036 0 30005.125
858 194.74 194.8325 194.954 1025.0 1223 0 30005.125
859 194.84 194.83249999999998 194.90200000000004 1070.6666666666667 953 0 30005.125
860 194.8 194.79500000000002 194.84600000000003 1939.6666666666667 3643 0 30005.125
861 194.84 194.82999999999998 194.82600000000002 2404.3333333333335 2617 0 30005.125
862 194.82 194.82 194.80800000000002 2582.3333333333335 1487 0 30005.125
863 194.88 194.855 194.836 1454.0 258 0 30005.125
864 194.865 194.85750000000002 194.841 687.0 316 0 30005.125
865 194.9 194.88625000000002 194.861 548.3333333333334 1071 25 30005.125
866 194.895 194.88875000000002 194.87200000000004 523.6666666666666 184 25 30005.0
867 194.91 194.90375 194.89000000000001 585.0 500 25 30005.375
868 194.93 194.91625 194.90000000000003 447.6666666666667 659 25 30005.875
869 194.98 194.95 194.92300000000003 593.3333333333334 621 50 30007.125
870 194.9 194.9275 194.923 601.6666666666666 525 0 30003.125
871 194.81 194.875 194.906 634.0 756 0 30003.125
872 194.87 194.8625 194.89800000000002 597.0 510 0 30003.125
873 194.83 194.835 194.87800000000001 996.6666666666666 1724 0 30003.125
874 194.68 194.76500000000001 194.818 1319.0 1723 0 30003.125
875 194.75 194.7525 194.788 1403.6666666666667 764 0 30003.125
876 194.51 194.6125 194.728 2046.6666666666667 3653 0 30003.125
877 194.57 194.6 194.668 2012.0 1619 0 30003.125
878 194.7 194.62 194.642 2100.6666666666665 1030 0 30003.125
879 194.75 194.6925 194.656 1069.0 558 0 30003.125
880 194.72 194.7225 194.65000000000003 715.3333333333334 558 0 30003.125
881 194.71 194.72250000000003 194.69 657.6666666666666 857 25 30003.125
882 194.73 194.7225 194.722 889.6666666666666 1254 25 30003.625
883 194.775 194.7475 194.73700000000002 1363.3333333333333 1979 50 30004.75
884 194.83 194.79125 194.75300000000001 1260.0 547 50 30007.5
885 194.65 194.72625 194.73900000000003 1278.0 1308 0 29998.5
886 194.69 194.715 194.735 1046.3333333333333 1284 0 29998.5
887 194.65 194.66000000000003 194.71900000000005 1264.0 1200 0 29998.5
888 194.69 194.68 194.702 1017.3333333333334 568 0 29998.5
889 194.7 194.685 194.67600000000002 622.6666666666666 100 0 29998.5
890 194.7 194.6975 194.686 325.6666666666667 309 0 29998.5
891 194.67 194.685 194.682 365.0 686 0 29998.5
892 194.66 194.6725 194.68400000000003 600.0 805 0 29998.5
893 194.65 194.6575 194.676 634.0 411 0 29998.5
894 194.63 194.64249999999998 194.66199999999998 451.0 137 0 29998.5
895 194.78 194.70999999999998 194.678 494.0 934 0 29998.5
896 194.74 194.7225 194.69200000000004 666.6666666666666 929 25 29998.5
897 194.82 194.79 194.72400000000002 1049.0 1284 50 30000.5
898 194.76 194.76999999999998 194.746 837.6666666666666 300 50 29997.5
899 194.79 194.79 194.778 654.6666666666666 380 50 29999.0
900 194.79 194.79 194.778 654.6666666666666 380 50 29999.0
901 194.72 194.7475 194.76600000000002 369.6666666666667 429 0 29995.5
902 194.56 194.6575 194.73 575.0 916 0 29995.5
903 194.66 194.64999999999998 194.69800000000004 1235.3333333333333 2361 0 29995.5
904 194.67 194.64 194.68 3652.6666666666665 7681 0 29995.5
905 194.63 194.64749999999998 194.64800000000002 3628.3333333333335 843 0 29995.5
906 194.54 194.59499999999997 194.61200000000002 3280.0 1316 0 29995.5
907 194.52 194.5525 194.60399999999998 963.0 730 0 29995.5
908 194.5 194.515 194.572 2080.0 4194 0 29995.5
909 194.5 194.505 194.538 2038.3333333333333 1191 0 29995.5
910 194.59 194.54500000000002 194.53000000000003 1961.6666666666667 500 0 29995.5
911 194.55 194.5475 194.532 1131.0 1702 25 29995.5
912 194.59 194.57999999999998 194.54600000000002 1034.0 900 25 29996.5
913 194.53 194.55 194.55200000000002 1034.0 500 25 29995.0
914 194.46 194.51 194.544 1133.3333333333333 2000 25 29993.25
915 194.27 194.3825 194.48000000000002 2269.6666666666665 4309 0 29988.5
916 194.24 194.3025 194.41800000000003 2822.6666666666665 2159 0 29988.5
917 194.32 194.2875 194.36400000000003 2311.6666666666665 467 0 29988.5
918 194.275 194.2775 194.31300000000005 1142.6666666666667 802 0 29988.5
919 194.22 194.25875000000002 194.26500000000001 656.3333333333334 700 0 29988.5
920 194.23 194.23874999999998 194.25700000000003 1865.6666666666667 4095 0 29988.5
921 194.24 194.23250000000002 194.25700000000003 1806.3333333333333 624 0 29988.5
922 194.16 194.1975 194.22500000000002 1756.3333333333333 550 0 29988.5
923 194.25 194.225 194.22 3820.0 10286 0 29988.5
924 194.37 194.2875 194.25 3891.6666666666665 839 0 29988.5
925 194.43 194.37 194.29 5041.666666666667 4000 0 29988.5
926 194.29 194.345 194.3 1881.6666666666667 806 0 29988.5
927 194.3 194.33 194.32800000000003 2590.0 2964 0 29988.5
928 194.36 194.32750000000001 194.35000000000002 1664.3333333333333 1223 0 29988.5
929 194.4 194.365 194.35600000000002 1708.0 937 0 29988.5
930 194.39 194.385 194.348 1520.6666666666667 2402 0 29988.5
931 194.425 194.41 194.375 1886.0 2319 25 29988.5
932 194.39 194.39875 194.39300000000003 2834.3333333333335 3782 50 29987.625
933 194.41 194.40875 194.40300000000002 3056.0 3067 75 29988.625
934 194.47 194.435 194.41700000000003 2481.0 594 75 29993.125
935 194.47 194.45499999999998 194.43300000000002 1753.6666666666667 1600 75 29993.125
936 194.33 194.4 194.41400000000002 1532.6666666666667 2404 100 29982.625
937 194.43 194.41500000000002 194.42200000000003 1803.6666666666667 1407 100 29992.625
938 194.38 194.38 194.41600000000003 1803.6666666666667 1600 100 29987.625
939 194.325 194.365 194.38700000000003 2029.0 3080 0 29982.125
940 194.34 194.34625 194.36100000000002 2099.0 1617 0 29982.125
941 194.335 194.33375 194.36200000000002 2975.0 4228 0 29982.125
942 194.275 194.30625 194.33100000000002 2423.3333333333335 1425 0 29982.125
943 194.23 194.26749999999998 194.30100000000002 2610.3333333333335 2178 0 29982.125
944 194.2 194.22625 194.27600000000004 1697.0 1488 0 29982.125
945 194.17 194.1925 194.24200000000002 2157.0 2805 0 29982.125
946 194.09 194.1375 194.193 2355.6666666666665 2774 0 29982.125
947 194.01 194.07 194.14000000000001 3346.6666666666665 4461 0 29982.125
948 193.91 193.98000000000002 194.07600000000002 3117.0 2116 0 29982.125
949 193.83 193.89499999999998 194.002 3820.3333333333335 4884 0 29982.125
950 193.83 193.89499999999998 194.002 3820.3333333333335 4884 0 29982.125
951 193.81 193.84 193.93 5466.666666666667 9400 0 29982.125
952 193.92 193.87 193.89600000000002 5293.0 1595 0 29982.125
953 194.1 193.98250000000002 193.914 6261.333333333333 7789 0 29982.125
954 194.13 194.07 193.958 5731.333333333333 7810 25 29982.125
955 193.81 193.9625 193.95399999999998 7994.666666666667 8385 50 29974.125
956 193.77 193.87 193.94600000000003 8410.666666666666 9037 50 29972.125
957 193.86 193.82500000000002 193.93400000000003 7690.666666666667 5650 50 29976.625
958 193.97 193.89249999999998 193.90800000000002 8822.666666666666 11781 0 29982.125
959 194.74 194.32750000000001 194.03000000000003 10431.666666666666 13864 0 29982.125
