time-hour stock-price avg-price-5-min number-of-stocks portfolio-value 570 222.73 218.34599999999998 0 30000.0
571 221.625 219.20299999999997 0 30000.0
572 221.03 219.925 0 30000.0
573 219.9 220.46700000000004 0 30000.0
574 219.96 221.04900000000004 0 30000.0
575 221.19 220.74100000000004 0 30000.0
576 221.27 220.67000000000002 0 30000.0
577 222.15 220.894 0 30000.0
578 221.81 221.276 0 30000.0
579 222.65 221.81400000000002 0 30000.0
580 221.65 221.90600000000003 25 30000.0
581 221.91 222.03400000000002 50 30006.5
582 222.235 222.05100000000002 0 30022.75
583 221.4 221.96900000000002 0 30022.75
584 220.7 221.579 0 30022.75
585 220.21 221.29100000000003 0 30022.75
586 220.52 221.01300000000003 0 30022.75
587 218.63 220.292 0 30022.75
588 218.89 219.79 0 30022.75
589 218.16 219.282 0 30022.75
590 217.905 218.82100000000003 0 30022.75
591 218.625 218.44199999999998 0 30022.75
592 218.38 218.392 25 30022.75
593 217.99 218.21200000000005 50 30013.0
594 217.39 218.05800000000005 0 29983.0
595 217.1 217.89700000000005 0 29983.0
596 216.76 217.52400000000003 0 29983.0
597 216.53 217.15400000000002 0 29983.0
598 216.13 216.782 0 29983.0
599 216.05 216.514 0 29983.0
600 216.38 216.37000000000003 0 29983.0
601 216.32 216.28200000000004 0 29983.0
602 217.57 216.49000000000004 0 29983.0
603 217.73 216.81000000000003 0 29983.0
604 217.28 217.05599999999998 0 29983.0
605 217.65 217.31000000000003 0 29983.0
606 217.41 217.52800000000002 25 29983.0
607 217.5 217.514 50 29985.25
608 216.51 217.27 0 29935.75
609 216.36 217.086 0 29935.75
610 216.32 216.82 0 29935.75
611 216.35 216.60800000000003 25 29935.75
612 216.46 216.40000000000003 0 29938.5
613 217.24 216.54600000000002 0 29938.5
614 217.09 216.69200000000004 0 29938.5
615 216.09 216.64600000000002 0 29938.5
616 216.29 216.63400000000004 25 29938.5
617 216.47 216.63600000000002 50 29943.0
618 215.74 216.336 0 29906.5
619 214.97 215.912 0 29906.5
620 214.64 215.622 0 29906.5
621 214.425 215.24900000000002 0 29906.5
622 213.94 214.743 0 29906.5
623 214.4 214.47500000000002 25 29906.5
624 212.74 214.029 0 29865.0
625 213.24 213.749 0 29865.0
626 212.7 213.404 0 29865.0
627 212.32 213.07999999999998 0 29865.0
628 212.08 212.61599999999999 0 29865.0
629 212.71 212.61 0 29865.0
630 211.52 212.266 0 29865.0
631 211.38 212.002 0 29865.0
632 211.51 211.84 25 29865.0
633 210.96 211.616 0 29851.25
634 211.34 211.342 25 29851.25
635 211.66 211.37 0 29859.25
636 211.45 211.384 0 29859.25
637 211.88 211.458 0 29859.25
638 211.545 211.575 25 29859.25
639 212.95 211.89700000000002 0 29894.375
640 211.94 211.953 25 29894.375
641 212.29 212.121 0 29903.125
642 211.26 211.997 0 29903.125
643 211.5 211.98800000000003 0 29903.125
644 211.41 211.68000000000004 25 29903.125
645 212.36 211.76400000000004 0 29926.875
646 212.66 211.83800000000002 0 29926.875
647 213.13 212.21200000000002 0 29926.875
648 213.4 212.59200000000004 0 29926.875
649 212.78 212.86600000000004 25 29926.875
650 213.4 213.07400000000004 0 29942.375
651 213.63 213.26800000000003 0 29942.375
652 213.555 213.35300000000004 0 29942.375
653 213.67 213.40700000000004 0 29942.375
654 213.375 213.52600000000004 25 29942.375
655 213.08 213.46200000000005 50 29935.0
656 213.29 213.394 75 29945.5
657 212.33 213.149 0 29873.5
658 212.44 212.90300000000002 0 29873.5
659 212.4 212.70800000000003 25 29873.5
660 212.75 212.64200000000002 0 29882.25
661 213.11 212.60600000000002 0 29882.25
662 213.32 212.80400000000003 0 29882.25
663 213.66 213.04800000000003 0 29882.25
664 213.785 213.32500000000002 0 29882.25
665 213.69 213.513 0 29882.25
666 213.35 213.56100000000004 25 29882.25
667 213.28 213.553 50 29880.5
668 213.03 213.42700000000002 75 29868.0
669 213.12 213.294 100 29874.75
670 213.69 213.294 0 29931.75
671 213.5 213.324 0 29931.75
672 213.48 213.364 0 29931.75
673 213.48 213.364 0 29931.75
674 213 213.358 25 29931.75
675 212.86 213.306 0 29928.25
676 212.84 213.13600000000002 25 29928.25
677 212.84 213.13600000000002 50 29928.25
678 213.005 213.037 75 29936.5
679 213.005 213.037 100 29936.5
680 212.25 212.791 0 29861.0
681 212.15 212.62100000000004 0 29861.0
682 212.15 212.47900000000004 25 29861.0
683 212.03 212.317 50 29858.0
684 212.11 212.138 75 29862.0
685 212.11 212.138 100 29862.0
686 212.11 212.138 125 29862.0
687 212.19 212.12600000000003 0 29872.0
688 211.43 211.98200000000003 0 29872.0
689 211.81 211.91400000000002 25 29872.0
690 211.55 211.818 50 29865.5
691 211.33 211.66200000000003 75 29854.5
692 211.39 211.50199999999998 100 29859.0
693 211.41 211.49800000000002 125 29861.0
694 211.31 211.39800000000002 150 29848.5
695 211.32 211.35200000000003 175 29850.0
696 211 211.286 200 29794.0
697 210.41 211.09000000000003 0 29676.0
698 210.79 210.966 25 29676.0
699 211.13 210.93 0 29684.5
700 211.38 210.942 0 29684.5
701 211.46 211.03400000000002 0 29684.5
702 211.4 211.232 0 29684.5
703 211.81 211.436 0 29684.5
704 211.51 211.512 25 29684.5
705 211.48 211.53199999999998 50 29683.75
706 211.48 211.53199999999998 75 29683.75
707 211.48 211.53199999999998 100 29683.75
708 212.34 211.70799999999997 0 29769.75
709 211.88 211.804 0 29769.75
710 211.94 211.83 0 29769.75
711 211.76 211.88000000000002 25 29769.75
712 211.78 211.94 50 29770.25
713 211.58 211.788 75 29760.25
714 211.64 211.74 100 29764.75
715 212 211.752 0 29800.75
716 211.79 211.758 0 29800.75
717 211.8 211.76200000000003 0 29800.75
718 211.97 211.84000000000003 0 29800.75
719 211.79 211.87000000000003 25 29800.75
720 211.69 211.80800000000002 50 29798.25
721 211.555 211.76100000000002 75 29791.5
722 211.31 211.663 100 29773.125
723 211.46 211.561 125 29788.125
724 211.37 211.477 150 29776.875
725 211.37 211.477 175 29776.875
726 211.49 211.437 0 29797.875
727 211.59 211.44400000000002 0 29797.875
728 211.99 211.58 0 29797.875
729 212.19 211.726 0 29797.875
730 212.01 211.85399999999998 0 29797.875
731 212.1 211.976 0 29797.875
732 212.66 212.19000000000003 0 29797.875
733 212.68 212.328 0 29797.875
734 212.46 212.382 0 29797.875
735 212.49 212.478 0 29797.875
736 212.89 212.63600000000002 0 29797.875
737 212.87 212.67800000000003 0 29797.875
738 213.18 212.77800000000002 0 29797.875
739 213.28 212.942 0 29797.875
740 213.23 213.09000000000003 0 29797.875
741 213.21 213.154 0 29797.875
742 213.5 213.28000000000003 0 29797.875
743 213.47 213.33800000000002 0 29797.875
744 213.74 213.43 0 29797.875
745 213.63 213.51 0 29797.875
746 213.75 213.618 0 29797.875
747 213.83 213.68400000000003 0 29797.875
748 213.5 213.69 25 29797.875
749 213.68 213.678 0 29802.375
750 213.28 213.608 25 29802.375
751 213.11 213.48000000000002 50 29798.125
752 212.97 213.30800000000002 75 29791.125
753 212.93 213.19400000000002 100 29788.125
754 213.24 213.10600000000002 0 29819.125
755 213.04 213.05800000000002 25 29819.125
756 212.9 213.01600000000002 50 29815.625
757 212.79 212.98000000000002 75 29810.125
758 212.94 212.982 100 29821.375
759 213.05 212.94400000000002 0 29832.375
760 213.17 212.97000000000003 0 29832.375
761 213.33 213.05599999999998 0 29832.375
762 213.3 213.15800000000002 0 29832.375
763 213.41 213.252 0 29832.375
764 213.41 213.252 0 29832.375
765 213.66 213.374 0 29832.375
766 213.74 213.488 0 29832.375
767 214.05 213.632 0 29832.375
768 214.1 213.792 0 29832.375
769 214.405 213.991 0 29832.375
770 214.8 214.21900000000002 0 29832.375
771 214.64 214.399 0 29832.375
772 214.66 214.52100000000002 0 29832.375
773 214.9 214.68100000000004 0 29832.375
774 214.61 214.722 25 29832.375
775 214.54 214.67000000000002 50 29830.625
776 214.55 214.65200000000002 75 29831.125
777 214.55 214.65200000000002 100 29831.125
778 214.43 214.606 125 29819.125
779 214.11 214.448 150 29779.125000000004
780 214.23 214.372 175 29797.125
781 214 214.264 200 29756.875
782 213.86 214.12600000000003 225 29728.875
783 213.73 213.98600000000002 250 29699.625
784 213.81 213.92600000000002 275 29719.625
785 213.81 213.92600000000002 300 29719.625
786 214 213.88000000000002 0 29776.625
787 214.39 213.95800000000003 0 29776.625
788 214.42 214.07000000000005 0 29776.625
789 214.13 214.15 25 29776.625
790 213.85 214.15800000000002 50 29769.625
791 213 213.958 0 29727.125
792 213.05 213.69000000000003 0 29727.125
793 213.21 213.448 25 29727.125
794 213.21 213.448 50 29727.125
795 212.89 213.20000000000002 75 29711.125
796 212.86 213.002 100 29708.875
797 212.95 212.99200000000002 125 29717.875
798 213.03 212.988 0 29727.875
799 212.92 212.93 25 29727.875
800 213.04 212.96 0 29730.875
801 213.04 212.96 0 29730.875
802 212.89 212.966 25 29730.875
803 213.03 212.982 0 29734.375
804 213.03 212.982 0 29734.375
805 213.09 212.994 0 29734.375
806 213.26 213.062 0 29734.375
807 213.26 213.062 0 29734.375
808 213.2 213.094 0 29734.375
809 213.35 213.18600000000004 0 29734.375
810 213.29 213.238 0 29734.375
811 212.95 213.21 25 29734.375
812 212.95 213.21 50 29734.375
813 213 213.158 75 29736.875
814 212.89 213.096 100 29728.625
815 212.55 212.93600000000004 125 29694.625
816 212.56 212.79000000000002 150 29695.875
817 212.43 212.68599999999998 175 29676.375
818 212.25 212.536 200 29644.875
819 212.5 212.45800000000003 0 29694.875
820 212.22 212.392 25 29694.875
821 212.12 212.304 50 29692.375
822 212.06 212.23000000000002 75 29689.375
823 211.91 212.16200000000003 100 29678.125
824 211.855 212.03300000000004 125 29672.625
825 212.13 212.01500000000004 0 29707.0
826 212.3 212.05100000000002 0 29707.0
827 212.045 212.048 25 29707.0
828 211.78 212.022 50 29700.375
829 211.53 211.95700000000002 0 29687.875
830 211.44 211.81900000000002 25 29687.875
831 211.63 211.685 50 29692.625
832 211.78 211.632 0 29700.125
833 211.65 211.60600000000002 0 29700.125
834 211.815 211.663 0 29700.125
835 211.815 211.663 0 29700.125
836 211.835 211.74200000000002 0 29700.125
837 212.23 211.862 0 29700.125
838 212.15 211.93600000000004 0 29700.125
839 212.36 212.078 0 29700.125
840 212.17 212.14900000000003 0 29700.125
841 212.28 212.238 0 29700.125
842 212.32 212.25600000000003 0 29700.125
843 211.94 212.21400000000003 25 29700.125
844 211.71 212.08400000000003 50 29694.375
845 211.42 211.934 0 29679.875
846 211.42 211.934 0 29679.875
847 211.54 211.786 25 29679.875
848 211.28 211.578 50 29673.375
849 210.83 211.356 0 29650.875
850 210.83 211.18 25 29650.875
851 210.96 211.088 50 29654.125
852 210.87 210.954 75 29649.625
853 210.87 210.954 100 29649.625
854 210.93 210.88400000000004 0 29655.625
855 210.92 210.90200000000002 0 29655.625
856 211.12 210.96000000000004 0 29655.625
857 210.85 210.93800000000005 25 29655.625
858 210.995 210.96300000000002 0 29659.25
859 210.99 210.97500000000002 0 29659.25
860 210.73 210.937 25 29659.25
861 209.86 210.68500000000003 0 29637.5
862 209.98 210.51100000000005 0 29637.5
863 209.31 210.174 0 29637.5
864 209.16 209.808 0 29637.5
865 209.32 209.526 25 29637.5
866 209.89 209.532 0 29651.75
867 209.84 209.50400000000002 0 29651.75
868 209.87 209.61599999999999 0 29651.75
869 209.87 209.61599999999999 0 29651.75
870 209.83 209.75000000000003 0 29651.75
871 209.75 209.836 25 29651.75
872 209.75 209.836 50 29651.75
873 209.47 209.752 75 29637.75
874 209.37 209.65800000000002 100 29630.25
875 209.34 209.55200000000002 125 29627.25
876 209.47 209.48000000000002 150 29643.5
877 209.57 209.44400000000002 0 29658.5
878 209.72 209.49400000000003 0 29658.5
879 209.9 209.60000000000002 0 29658.5
880 209.9 209.60000000000002 0 29658.5
881 209.89 209.71000000000004 0 29658.5
882 209.95 209.806 0 29658.5
883 209.95 209.88200000000003 0 29658.5
884 209.66 209.87 25 29658.5
885 210.55 210.0 0 29680.75
886 210.23 210.068 0 29680.75
887 210.46 210.17000000000002 0 29680.75
888 210.38 210.256 0 29680.75
889 210.245 210.37300000000002 25 29680.75
890 210.39 210.341 0 29684.375
891 210.71 210.437 0 29684.375
892 210.99 210.543 0 29684.375
893 211.09 210.685 0 29684.375
894 210.87 210.81000000000003 0 29684.375
895 210.87 210.81000000000003 0 29684.375
896 211.11 210.95400000000004 0 29684.375
897 211.28 211.068 0 29684.375
898 211.17 211.104 0 29684.375
899 211.17 211.104 0 29684.375
900 210.71 211.02800000000002 25 29684.375
901 210.71 211.02800000000002 50 29684.375
902 210.71 211.02800000000002 75 29684.375
903 210.57 210.96800000000002 100 29673.875
904 210.2 210.786 0 29636.875
905 210.26 210.582 25 29636.875
906 210.2 210.38799999999998 50 29635.375
907 210.18 210.28199999999998 75 29634.375
908 210.16 210.20000000000002 100 29632.875
909 210.3 210.22 0 29646.875
910 210.97 210.36200000000002 0 29646.875
911 210.95 210.512 0 29646.875
912 210.89 210.654 0 29646.875
913 210.8 210.782 0 29646.875
914 210.71 210.864 25 29646.875
915 210.31 210.732 0 29636.875
916 210.66 210.674 25 29636.875
917 210.66 210.674 50 29636.875
918 210.61 210.61800000000002 75 29634.375
919 210.53 210.56400000000002 100 29628.375
920 210.53 210.56400000000002 125 29628.375
921 210.39 210.50000000000003 150 29610.874999999996
922 210.39 210.50000000000003 175 29610.875
923 210.39 210.50000000000003 200 29610.875
924 210.2 210.478 225 29572.875
925 210.21 210.388 250 29575.125
926 209.92 210.25 275 29502.625
927 209.58 210.06 0 29409.125
928 209.61 209.904 25 29409.125
929 209.675 209.799 50 29410.75
930 209.49 209.655 75 29401.5
931 209.56 209.58300000000003 100 29406.75
932 209.89 209.645 0 29439.75
933 210.03 209.729 0 29439.75
934 209.835 209.76100000000002 0 29439.75
935 209.93 209.84900000000005 0 29439.75
936 210.09 209.955 0 29439.75
937 209.96 209.96900000000005 25 29439.75
938 209.77 209.91700000000003 50 29435.0
939 209.92 209.93400000000003 75 29442.5
940 209.93 209.93400000000003 100 29443.25
941 209.93 209.93400000000003 125 29443.25
942 209.75 209.86599999999999 150 29420.75
943 209.25 209.72400000000002 0 29345.75
944 209.25 209.72400000000002 0 29345.75
945 209.84 209.738 0 29345.75
946 209.68 209.69000000000003 25 29345.75
947 209.87 209.678 0 29350.5
948 209.995 209.727 0 29350.5
949 209.93 209.863 0 29350.5
950 209.85 209.86500000000004 25 29350.5
951 209.54 209.83700000000005 50 29342.75
952 209.54 209.83700000000005 75 29342.75
953 209.54 209.77100000000002 100 29342.75
954 209.64 209.7 125 29352.75
955 209.76 209.666 0 29367.75
956 209.38 209.572 25 29367.75
957 209.38 209.572 50 29367.75
958 209.15 209.494 75 29356.25
959 209.3 209.44600000000003 100 29367.5
