time stock-price decision number-of-stocks portfolio-value
570 199.34 -3 50 30000.0
571 199.16 5 0 29991.0
572 199.16 7 0 29991.0
573 198.88 3 0 29991.0
574 198.79 1 0 29991.0
575 198.5 -1 50 29991.0
576 198.77 -3 100 30004.5
577 198.16 1 50 29943.5
578 198.55 -7 100 29963.0
579 198.45 -7 150 29953.0
580 198.44 -7 150 29951.5
581 198.18 -1 150 29912.5
582 198.28 -5 150 29927.5
583 198.35 -5 150 29938.0
584 198.14 -1 150 29906.499999999996
585 198.14 -3 150 29906.499999999996
586 197.94 1 100 29876.5
587 198.23 -7 150 29905.5
588 198.405 -3 150 29931.75
589 198.47 1 100 29941.5
590 198.28 5 50 29922.5
591 198.33 5 0 29925.0
592 198.36 5 0 29925.0
593 198.29 1 0 29925.0
594 198.17 3 0 29925.0
595 198.03 1 0 29925.0
596 198.09 -7 50 29925.0
597 198.33 -5 100 29937.0
598 198.32 -3 150 29936.0
599 198.39 1 100 29946.5
600 198.38 3 50 29945.5
601 198.17 5 0 29935.0
602 198.25 1 0 29935.0
603 198.01 1 0 29935.0
604 198.42 -7 50 29935.0
605 198.43 -1 100 29935.5
606 198.505 1 50 29943.0
607 198.46 3 0 29940.75
608 198.39 5 0 29940.75
609 198.2 3 0 29940.75
610 198.19 -1 50 29940.75
611 198.135 -5 100 29938.0
612 198.17 -5 150 29941.499999999996
613 198.16 -7 150 29940.0
614 198.28 -3 150 29958.0
615 198.285 1 100 29958.75
616 198.12 5 50 29942.25
617 198.05 3 0 29938.75
618 198.2 -5 50 29938.75
619 198.28 -3 100 29942.75
620 198.3 -1 150 29944.75
621 198.31 3 100 29946.25
622 198.33 5 50 29948.25
623 198.28 5 0 29945.75
624 198.25 3 0 29945.75
625 198.18 1 0 29945.75
626 198.215 -3 50 29945.75
627 198.235 -5 100 29946.75
628 198.25 -3 150 29948.25
629 198.3 -1 150 29955.75
630 198.43 -1 150 29975.25
631 198.46 3 100 29979.75
632 198.43 7 50 29976.75
633 198.29 5 0 29969.75
634 198.26 1 0 29969.75
635 198.39 -1 50 29969.75
636 198.34 -1 100 29967.25
637 198.32 -3 150 29965.25
638 198.39 -1 150 29975.749999999996
639 198.36 -1 150 29971.250000000004
640 198.35 3 100 29969.75
641 198.36 1 50 29970.75
642 198.38 3 0 29971.75
643 198.34 5 0 29971.75
644 198.45 -5 50 29971.75
645 198.465 1 0 29972.5
646 198.5 3 0 29972.5
647 198.44 7 0 29972.5
648 198.3 3 0 29972.5
649 198.36 1 0 29972.5
650 198.53 -5 50 29972.5
651 198.68 -3 100 29980.0
652 198.66 1 50 29978.0
653 198.56 5 0 29973.0
654 198.66 3 0 29973.0
655 198.58 5 0 29973.0
656 198.44 5 0 29973.0
657 198.44 -3 50 29973.0
658 198.35 -5 100 29968.5
659 198.48 -7 150 29981.5
660 198.43 -3 150 29974.0
661 198.55 -3 150 29992.0
662 198.59 1 100 29998.0
663 198.49 3 50 29988.0
664 198.5 5 0 29988.5
665 198.65 -5 50 29988.5
666 198.66 5 0 29989.0
667 198.53 5 0 29989.0
668 198.48 3 0 29989.0
669 198.45 1 0 29989.0
670 198.41 -3 50 29989.0
671 198.51 -5 100 29994.0
672 198.53 -3 150 29996.0
673 198.61 -1 150 30008.000000000004
674 198.52 3 100 29994.5
675 198.54 3 50 29996.5
676 198.54 3 0 29996.5
677 198.54 1 0 29996.5
678 198.45 5 0 29996.5
679 198.44 -3 50 29996.5
680 198.51 -5 100 30000.0
681 198.5 -5 150 29999.0
682 198.51 -3 150 30000.5
683 198.51 -1 150 30000.5
684 198.57 1 100 30009.5
685 198.505 7 50 30003.0
686 198.42 3 0 29998.75
687 198.48 -3 50 29998.75
688 198.38 1 0 29993.75
689 198.55 -7 50 29993.75
690 198.51 -3 100 29991.75
691 198.53 -1 150 29993.75
692 198.48 3 100 29986.25
693 198.45 1 50 29983.25
694 198.37 -1 100 29979.25
695 198.35 -3 150 29977.25
696 198.19 -1 150 29953.25
697 198.25 -7 150 29962.25
698 198.25 -7 150 29962.25
699 198.28 -3 150 29966.75
700 198.27 -3 150 29965.25
701 198.3 1 100 29969.75
702 198.31 3 50 29970.75
703 198.33 5 0 29971.75
704 198.3 7 0 29971.75
705 198.22 3 0 29971.75
706 198.21 -1 50 29971.75
707 198.18 -3 100 29970.25
708 198.175 -7 150 29969.75
709 198.12 -7 150 29961.5
710 198.08 -9 150 29955.500000000004
711 198.01 -9 150 29945.0
712 198.11 -7 150 29960.000000000004
713 198.19 -3 150 29972.0
714 198.085 1 100 29956.25
715 198.14 -1 150 29961.749999999996
716 198.15 1 100 29963.25
717 198.19 1 50 29967.25
718 198.21 3 0 29968.25
719 198.2 7 0 29968.25
720 198.27 3 0 29968.25
721 198.1 5 0 29968.25
722 198.12 3 0 29968.25
723 198.135 -1 50 29968.25
724 198.16 -3 100 29969.5
725 198.11 -1 150 29964.500000000004
726 198.11 -3 150 29964.500000000004
727 198.11 -5 150 29964.500000000004
728 198.13 -3 150 29967.5
729 198.015 5 100 29950.25
730 198.02 -3 150 29950.75
731 198.1 -5 150 29962.75
732 198.07 -5 150 29958.25
733 198.065 -5 150 29957.5
734 198.08 -1 150 29959.750000000004
735 198.1 1 100 29962.75
736 198.11 3 50 29963.75
737 198.14 3 0 29965.25
738 198.21 -1 50 29965.25
739 198.25 3 0 29967.25
740 198.21 7 0 29967.25
741 198.19 5 0 29967.25
742 198.21 3 0 29967.25
743 198.23 5 0 29967.25
744 198.32 -3 50 29967.25
745 198.335 1 0 29968.0
746 198.31 7 0 29968.0
747 198.18 3 0 29968.0
748 198.16 1 0 29968.0
749 198.12 -1 50 29968.0
750 198.06 -3 100 29965.0
751 198.1 -7 150 29969.0
752 198.16 -5 150 29978.0
753 198.15 -3 150 29976.5
754 198.07 1 100 29964.5
755 198.12 -3 150 29969.5
756 198.11 -3 150 29968.000000000004
757 198.1 -1 150 29966.5
758 198.03 3 100 29956.0
759 198.05 -5 150 29958.0
760 198.04 -7 150 29956.5
761 198.01 -7 150 29952.0
762 198.05 -7 150 29958.0
763 198.08 -3 150 29962.500000000004
764 198.07 1 100 29961.0
765 198.08 3 50 29962.0
766 198.07 3 0 29961.5
767 198.09 3 0 29961.5
768 198.09 5 0 29961.5
769 198.14 -3 50 29961.5
770 198.14 5 0 29961.5
771 198.14 7 0 29961.5
772 198.085 5 0 29961.5
773 198.05 1 0 29961.5
774 198.075 -1 50 29961.5
775 198.12 -5 100 29963.75
776 198.1 -3 150 29961.75
777 198.06 5 100 29955.75
778 198.07 -3 150 29956.75
779 198.09 -5 150 29959.75
780 198.02 5 100 29949.25
781 198.03 -3 150 29950.25
782 198.06 -5 150 29954.75
783 198.09 -3 150 29959.25
784 198.03 5 100 29950.25
785 198.03 5 50 29950.25
786 198.09 -5 100 29953.25
787 198.02 7 50 29946.25
788 197.83 3 0 29936.75
789 197.86 -3 50 29936.75
790 197.86 -7 100 29936.75
791 197.76 -5 150 29926.75
792 197.68 -7 150 29914.75
793 197.555 -5 150 29896.0
794 197.55 -9 150 29895.25
795 197.62 -5 150 29905.75
796 197.64 -3 150 29908.749999999996
797 197.655 -1 150 29911.0
798 197.63 1 100 29907.25
799 197.61 -1 150 29905.250000000004
800 197.515 3 100 29891.0
801 197.52 -1 150 29891.5
802 197.57 -5 150 29899.0
803 197.71 -3 150 29920.0
804 197.68 -1 150 29915.5
805 197.6 5 100 29903.5
806 197.69 -1 150 29912.5
807 197.61 5 100 29900.5
808 197.6 1 50 29899.5
809 197.65 -1 100 29902.0
810 197.78 -3 150 29915.0
811 197.82 -1 150 29921.0
812 197.81 3 100 29919.5
813 197.81 7 50 29919.5
814 197.82 7 0 29920.0
815 197.81 7 0 29920.0
816 197.8 3 0 29920.0
817 197.9 -3 50 29920.0
818 197.89 3 0 29919.5
819 197.87 5 0 29919.5
820 197.81 3 0 29919.5
821 197.77 1 0 29919.5
822 197.81 -3 50 29919.5
823 197.75 -1 100 29916.5
824 197.7 -5 150 29911.5
825 197.705 -7 150 29912.250000000004
826 197.685 -9 150 29909.25
827 197.63 -9 150 29901.0
828 197.7 -7 150 29911.5
829 197.73 -3 150 29916.0
830 197.88 -3 150 29938.5
831 197.92 1 100 29944.5
832 197.98 5 50 29950.5
833 198.08 5 0 29955.5
834 198.12 9 0 29955.5
835 197.95 5 0 29955.5
836 197.94 3 0 29955.5
837 197.92 -1 50 29955.5
838 197.73 -1 100 29946.0
839 198.03 -7 150 29976.0
840 198.22 -3 150 30004.5
841 198.9 -3 150 30106.5
842 198.665 3 100 30071.25
843 198.99 5 50 30103.75
844 199.35 7 0 30121.75
845 199.67 9 0 30121.75
846 199.7 9 0 30121.75
847 199.53 5 0 30121.75
848 198.89 3 0 30121.75
849 198.86 -1 50 30121.75
850 198.77 -3 100 30117.25
851 198.56 -5 150 30096.25
852 198.64 -7 150 30108.249999999996
853 198.6 -7 150 30102.25
854 198.48 -7 150 30084.25
855 198.64 -7 150 30108.249999999996
856 198.72 -3 150 30120.25
857 198.72 1 100 30120.25
858 198.67 1 50 30115.25
859 198.62 3 0 30112.75
860 198.35 3 0 30112.75
861 198.24 -1 50 30112.75
862 198.13 -5 100 30107.25
863 198.14 -7 150 30108.249999999996
864 197.89 -7 150 30070.749999999996
865 197.84 -9 150 30063.25
866 197.7 -9 150 30042.25
867 197.74 -7 150 30048.25
868 197.96 -5 150 30081.25
869 197.975 -1 150 30083.5
870 198.18 -1 150 30114.25
871 198.24 3 100 30123.25
872 198.6 3 50 30159.25
873 198.54 7 0 30156.25
874 198.49 5 0 30156.25
875 198.21 3 0 30156.25
876 198.51 1 0 30156.25
877 198.17 3 0 30156.25
878 198.22 -1 50 30156.25
879 197.88 3 0 30139.25
880 197.89 -5 50 30139.25
881 197.89 -7 100 30139.25
882 197.73 -7 150 30123.25
883 197.8 -7 150 30133.75
884 197.92 -5 150 30151.749999999996
885 198.07 -3 150 30174.25
886 197.93 3 100 30153.25
887 197.92 3 50 30152.25
888 197.81 3 0 30146.75
889 197.8 -1 50 30146.75
890 197.92 -5 100 30152.75
891 197.92 -3 150 30152.749999999996
892 198.03 -1 150 30169.25
893 197.94 3 100 30155.75
894 198.1 -1 150 30171.75
895 197.82 7 100 30129.75
896 197.96 -1 150 30143.75
897 198.09 -5 150 30163.25
898 198.02 5 100 30152.75
899 198 5 50 30150.75
900 198.02 3 0 30151.75
901 198.145 -1 50 30151.75
902 198.3 -1 100 30159.5
903 198.26 5 50 30155.5
904 198.295 7 0 30157.25
905 198.23 5 0 30157.25
906 198.04 3 0 30157.25
907 198.02 -1 50 30157.25
908 198.07 -1 100 30159.75
909 198.2 -3 150 30172.75
910 198.05 -1 150 30150.25
911 198.06 -3 150 30151.75
912 198.08 -1 150 30154.750000000004
913 198.06 -1 150 30151.75
914 198.02 3 100 30145.75
915 198.01 -3 150 30144.75
916 198 -7 150 30143.25
917 197.94 -3 150 30134.25
918 198.1 -5 150 30158.25
919 198.26 -3 150 30182.25
920 198.27 3 100 30183.75
921 198.26 5 50 30182.75
922 198.24 5 0 30181.75
923 198.23 1 0 30181.75
924 198.3 3 0 30181.75
925 198.31 5 0 30181.75
926 198.4 1 0 30181.75
927 198.19 5 0 30181.75
928 198.18 1 0 30181.75
929 198.285 -5 50 30181.75
930 198.38 -3 100 30186.5
931 198.375 -3 150 30186.0
932 198.25 5 100 30167.25
933 198.22 3 50 30164.25
934 198.35 -5 100 30170.75
935 198.15 7 50 30150.75
936 198.25 -5 100 30155.75
937 198.22 -5 150 30152.75
938 198.19 -5 150 30148.25
939 198.1 1 100 30134.75
940 198.14 -7 150 30138.749999999996
941 198.35 -5 150 30170.25
942 198.53 -1 150 30197.25
943 198.47 3 100 30188.25
944 198.32 5 50 30173.25
945 198.65 -3 100 30189.75
946 198.68 7 50 30192.75
947 198.64 7 0 30190.75
948 198.53 3 0 30190.75
949 198.46 1 0 30190.75
950 198.41 -1 50 30190.75
951 198.41 -1 100 30190.75
952 198.37 -5 150 30186.75
953 198.42 -7 150 30194.249999999996
954 198.43 -3 150 30195.75
955 198.11 5 100 30147.75
956 198.065 -1 150 30143.25
957 198.01 -5 150 30135.0
958 197.94 -9 150 30124.5
959 197.81 -9 150 30105.0
