time stock-price decision number-of-stocks portfolio-value
570 191.97 1 50 30000.0
571 192.305 5 100 30016.75
572 191.96 3 150 29982.25
573 192.45 1 150 30055.75
574 192.63 5 150 30082.75
575 192.23 1 150 30022.75
576 192.17 -1 100 30013.75
577 192.22 -1 50 30018.75
578 192.23 -1 0 30019.25
579 192.09 -1 0 30019.25
580 192.35 -3 0 30019.25
581 192.69 1 50 30019.25
582 192.51 3 100 30010.25
583 192.65 3 150 30024.25
584 192.77 3 150 30042.25
585 192.83 5 150 30051.250000000004
586 192.93 5 150 30066.25
587 192.71 1 150 30033.25
588 192.52 -1 100 30004.75
589 192.53 -3 50 30005.75
590 192.23 -5 0 29990.75
591 192.52 -3 0 29990.75
592 192.25 -3 0 29990.75
593 192.35 -1 0 29990.75
594 192.3 -1 0 29990.75
595 192.45 1 50 29990.75
596 192.64 3 100 30000.25
597 192.54 3 150 29990.25
598 192.49 1 150 29982.75
599 192.7 1 150 30014.25
600 192.67 3 150 30009.749999999996
601 192.94 3 150 30050.25
602 192.89 3 150 30042.749999999996
603 192.91 3 150 30045.75
604 193.05 3 150 30066.75
605 193.33 1 150 30108.750000000004
606 193.23 3 150 30093.75
607 193.11 1 150 30075.750000000004
608 193.21 1 150 30090.75
609 193.39 -1 100 30117.75
610 193.445 3 150 30123.25
611 193.47 5 150 30127.0
612 193.62 5 150 30149.5
613 193.515 3 150 30133.749999999996
614 193.39 1 150 30114.999999999996
615 193.45 -3 100 30124.0
616 193.51 -1 50 30130.0
617 193.7 1 100 30139.5
618 193.58 3 150 30127.500000000004
619 193.57 1 150 30126.0
620 193.63 3 150 30135.0
621 193.59 1 150 30129.0
622 193.64 1 150 30136.499999999996
623 193.815 1 150 30162.75
624 193.855 5 150 30168.75
625 193.91 5 150 30177.0
626 193.68 1 150 30142.5
627 193.71 -1 100 30147.0
628 193.65 -5 50 30141.0
629 193.84 -1 0 30150.5
630 193.55 3 50 30150.5
631 193.53 -3 0 30149.5
632 193.51 -5 0 30149.5
633 193.4 -5 0 30149.5
634 193.46 -3 0 30149.5
635 193.37 -3 0 30149.5
636 193.34 -5 0 30149.5
637 193.2 -5 0 30149.5
638 193.065 -5 0 30149.5
639 193.11 -3 0 30149.5
640 193.17 -1 0 30149.5
641 193.11 -1 0 30149.5
642 193.45 1 50 30149.5
643 193.49 5 100 30151.5
644 193.57 5 150 30159.5
645 193.6 5 150 30164.0
646 193.79 5 150 30192.5
647 193.86 5 150 30203.000000000004
648 193.97 5 150 30219.5
649 193.91 3 150 30210.5
650 193.68 1 150 30176.0
651 193.67 -3 100 30174.5
652 193.72 -1 50 30179.5
653 193.64 -1 0 30175.5
654 193.76 -3 0 30175.5
655 193.55 3 50 30175.5
656 193.58 -3 0 30177.0
657 193.45 -5 0 30177.0
658 193.64 -3 0 30177.0
659 193.46 1 50 30177.0
660 193.605 -1 0 30184.25
661 193.7 1 50 30184.25
662 193.745 5 100 30186.5
663 193.74 3 150 30186.0
664 193.75 3 150 30187.5
665 193.72 1 150 30183.0
666 193.83 -1 100 30199.5
667 193.68 3 150 30184.5
668 193.81 -3 100 30204.0
669 193.87 -1 50 30210.0
670 193.96 3 100 30214.5
671 194.02 5 150 30220.5
672 194.13 5 150 30237.0
673 194.05 3 150 30225.0
674 194.25 5 150 30255.0
675 194.16 3 150 30241.5
676 194.15 1 150 30240.0
677 194.15 -1 100 30240.0
678 194.16 1 150 30241.0
679 194.27 1 150 30257.5
680 194.23 3 150 30251.5
681 194.1 1 150 30232.0
682 194.12 -1 100 30235.0
683 194.22 -1 50 30245.0
684 194.22 1 100 30245.0
685 194.29 3 150 30252.0
686 194.09 1 150 30222.0
687 194.09 -1 100 30222.0
688 194.18 -1 50 30231.0
689 194.23 1 100 30233.5
690 194.4 3 150 30250.5
691 194.52 5 150 30268.5
692 194.68 5 150 30292.5
693 194.79 5 150 30309.0
694 194.51 1 150 30267.0
695 194.49 -1 100 30264.0
696 194.4 -3 50 30255.0
697 194.37 -5 0 30253.5
698 194.37 -5 0 30253.5
699 194.47 -1 0 30253.5
700 194.55 3 50 30253.5
701 194.59 5 100 30255.5
702 194.72 5 150 30268.5
703 194.75 5 150 30273.0
704 194.93 5 150 30300.0
705 194.85 3 150 30288.0
706 194.9 3 150 30295.5
707 194.945 3 150 30302.25
708 194.97 5 150 30306.0
709 194.96 3 150 30304.5
710 194.98 3 150 30307.5
711 194.98 5 150 30307.5
712 195.1 1 150 30325.5
713 195.19 3 150 30339.0
714 195.18 3 150 30337.5
715 195.29 5 150 30354.0
716 195.24 3 150 30346.5
717 195.15 1 150 30333.0
718 195.12 -3 100 30328.5
719 195.13 -3 50 30329.5
720 195.02 -5 0 30324.0
721 194.9 -5 0 30324.0
722 194.97 -3 0 30324.0
723 195.26 -1 0 30324.0
724 195.18 3 50 30324.0
725 195.2 3 100 30325.0
726 195.2 1 150 30325.0
727 195.23 3 150 30329.5
728 195.08 1 150 30307.000000000004
729 194.97 -3 100 30290.5
730 194.895 -5 50 30283.0
731 194.9 -3 0 30283.25
732 194.82 -5 0 30283.25
733 194.84 -3 0 30283.25
734 194.8 -5 0 30283.25
735 194.83 -3 0 30283.25
736 194.86 -1 0 30283.25
737 194.69 1 50 30283.25
738 194.68 -5 0 30282.75
739 194.73 -1 0 30282.75
740 194.69 -1 0 30282.75
741 194.44 1 50 30282.75
742 194.46 -3 0 30283.75
743 194.43 -3 0 30283.75
744 194.245 -5 0 30283.75
745 194.24 -5 0 30283.75
746 194.27 -1 0 30283.75
747 194.31 1 50 30283.75
748 194.375 3 100 30287.0
749 194.3 3 150 30279.5
750 194.32 1 150 30282.5
751 194.22 -1 100 30267.5
752 194.23 -3 50 30268.5
753 193.94 -1 0 30254.0
754 194 -3 0 30254.0
755 193.97 -3 0 30254.0
756 193.83 -3 0 30254.0
757 193.8 -5 0 30254.0
758 193.94 -1 0 30254.0
759 194.05 1 50 30254.0
760 194.07 5 100 30255.0
761 194.16 5 150 30264.0
762 194.05 3 150 30247.5
763 193.99 -1 100 30238.5
764 193.82 -3 50 30221.5
765 193.75 -5 0 30218.0
766 193.92 -1 0 30218.0
767 193.84 -1 0 30218.0
768 193.8 -1 0 30218.0
769 193.94 -1 0 30218.0
770 193.85 3 50 30218.0
771 193.72 1 100 30211.5
772 193.7 -3 50 30209.5
773 193.82 -1 0 30215.5
774 193.88 1 50 30215.5
775 193.81 3 100 30212.0
776 193.53 -1 50 30184.0
777 193.71 -3 0 30193.0
778 193.62 -3 0 30193.0
779 193.615 -3 0 30193.0
780 193.64 1 50 30193.0
781 193.79 1 100 30200.5
782 193.87 3 150 30208.5
783 194.01 5 150 30229.5
784 193.95 3 150 30220.5
785 193.88 1 150 30210.0
786 193.87 -1 100 30208.5
787 193.84 -5 50 30205.5
788 193.83 -5 0 30205.0
789 193.79 -5 0 30205.0
790 193.86 -3 0 30205.0
791 194 1 50 30205.0
792 193.97 3 100 30203.5
793 193.79 1 150 30185.5
794 193.83 -1 100 30191.5
795 193.685 -3 50 30177.0
796 193.67 -5 0 30176.25
797 193.67 -5 0 30176.25
798 193.61 -5 0 30176.25
799 193.42 -1 0 30176.25
800 193.42 -5 0 30176.25
801 193.55 -1 0 30176.25
802 193.58 1 50 30176.25
803 193.6 3 100 30177.25
804 193.39 1 150 30156.249999999996
805 193.47 -1 100 30168.25
806 193.39 -3 50 30160.25
807 193.345 -5 0 30158.0
808 193.29 -5 0 30158.0
809 193.32 -3 0 30158.0
810 193.46 -1 0 30158.0
811 193.3 3 50 30158.0
812 193.2 -1 0 30153.0
813 193.295 -3 0 30153.0
814 193.17 -3 0 30153.0
815 193.28 -3 0 30153.0
816 193.23 -1 0 30153.0
817 193.17 1 50 30153.0
818 193.12 -3 0 30150.5
819 193.14 -3 0 30150.5
820 193.28 -1 0 30150.5
821 193.27 1 50 30150.5
822 193.23 1 100 30148.5
823 193.07 -1 50 30132.5
824 192.91 -3 0 30124.5
825 192.89 -5 0 30124.5
826 192.83 -5 0 30124.5
827 192.98 -1 0 30124.5
828 192.97 1 50 30124.5
829 192.97 1 100 30124.5
830 192.99 3 150 30126.5
831 192.85 1 150 30105.5
832 192.77 -3 100 30093.5
833 192.88 -3 50 30104.5
834 192.7 -1 0 30095.5
835 192.78 -3 0 30095.5
836 192.9 -1 0 30095.5
837 192.94 1 50 30095.5
838 192.94 3 100 30095.5
839 192.89 1 150 30090.499999999996
840 192.6 -1 100 30047.0
841 192.61 -3 50 30048.0
842 192.53 -5 0 30044.0
843 192.44 -5 0 30044.0
844 192.39 -5 0 30044.0
845 192.58 -1 0 30044.0
846 192.6 1 50 30044.0
847 192.66 5 100 30047.0
848 192.54 1 150 30035.0
849 192.59 -1 100 30042.5
850 192.52 -1 50 30035.5
851 192.51 -5 0 30035.0
852 192.44 -5 0 30035.0
853 192.16 -1 0 30035.0
854 192.31 -3 0 30035.0
855 192.19 -3 0 30035.0
856 192.13 -3 0 30035.0
857 192.095 -5 0 30035.0
858 192.21 -1 0 30035.0
859 192.25 1 50 30035.0
860 192.32 3 100 30038.5
861 192.38 5 150 30044.5
862 192.41 5 150 30049.0
863 192.56 5 150 30071.5
864 192.47 3 150 30058.0
865 192.55 3 150 30070.0
866 192.62 3 150 30080.5
867 192.56 3 150 30071.5
868 192.72 3 150 30095.5
869 192.75 5 150 30100.0
870 192.7 3 150 30092.5
871 192.83 3 150 30112.000000000004
872 192.83 3 150 30112.000000000004
873 192.82 3 150 30110.5
874 192.84 3 150 30113.5
875 192.72 1 150 30095.5
876 192.72 1 150 30095.5
877 192.63 -3 100 30082.0
878 192.76 -3 50 30095.0
879 192.76 -1 0 30095.0
880 192.66 1 50 30095.0
881 192.75 -1 0 30099.5
882 192.795 1 50 30099.5
883 192.805 3 100 30100.0
884 192.8 3 150 30099.5
885 192.88 5 150 30111.5
886 192.97 3 150 30125.0
887 193.06 5 150 30138.5
888 193.05 3 150 30137.0
889 193.055 3 150 30137.75
890 193.14 3 150 30150.499999999996
891 193.06 3 150 30138.5
892 192.96 1 150 30123.5
893 193 -3 100 30129.5
894 193.04 -1 50 30133.5
895 193.05 1 100 30134.0
896 193.24 3 150 30153.0
897 193.21 3 150 30148.5
898 193.17 1 150 30142.499999999996
899 193.28 3 150 30159.0
900 193.18 3 150 30144.0
901 193.09 1 150 30130.5
902 193.175 -3 100 30143.25
903 193.27 -1 50 30152.75
904 193.29 3 100 30153.75
905 193.28 3 150 30152.75
906 193.29 3 150 30154.25
907 193.325 1 150 30159.5
908 193.325 1 150 30159.5
909 193.37 3 150 30166.25
910 193.36 3 150 30164.750000000004
911 193.36 3 150 30164.750000000004
912 193.14 1 150 30131.749999999996
913 193.19 -3 100 30139.25
914 193.09 -5 50 30129.25
915 193.09 -5 0 30129.25
916 193.17 -3 0 30129.25
917 193.17 -3 0 30129.25
918 193.3 -1 0 30129.25
919 193.28 3 50 30129.25
920 193.36 5 100 30133.25
921 193.19 1 150 30116.25
922 193.22 -1 100 30120.75
923 193.25 -1 50 30123.75
924 193.19 -3 0 30120.75
925 193.11 -3 0 30120.75
926 193.08 -5 0 30120.75
927 193.04 -5 0 30120.75
928 192.98 -5 0 30120.75
929 192.97 -5 0 30120.75
930 193.09 -1 0 30120.75
931 193.33 1 50 30120.75
932 193.33 1 100 30120.75
933 193.56 3 150 30143.75
934 193.45 3 150 30127.25
935 193.38 1 150 30116.75
936 193.41 1 150 30121.25
937 193.27 -3 100 30100.25
938 193.27 -3 50 30100.25
939 193.1 -5 0 30091.75
940 193.24 -3 0 30091.75
941 193 -3 0 30091.75
942 193 -5 0 30091.75
943 192.92 -5 0 30091.75
944 192.92 -5 0 30091.75
945 192.86 -5 0 30091.75
946 192.85 -5 0 30091.75
947 193 -1 0 30091.75
948 192.865 3 50 30091.75
949 192.75 1 100 30086.0
950 192.81 -3 50 30092.0
951 192.76 -3 0 30089.5
952 192.61 -3 0 30089.5
953 192.61 -3 0 30089.5
954 192.75 -3 0 30089.5
955 192.48 1 50 30089.5
956 192.66 -3 0 30098.5
957 192.62 -3 0 30098.5
958 192.78 1 50 30098.5
959 192.61 3 100 30090.0
